        1111111111111111111111111
        1000000000110000000000001
        1011000001110000000000001
        1001000000000000000000001
111111111011000001110000000000001
100000000011000001110111111111111
1111011111111101110N000000001
11110111111111011101010010001
11000000111101011100000010001
1000000001 100001100000010001
10000000001000001101010010001
1100000111010101111101111000111
11110111 1110101 101111010001
11111111 1111111 111111111111



111111111111111111111111111
100000000000000000000000001
101111111100011111111111111
1000000000001W0000000000001
111111111111111111111111111


11111111111111111111111111111111111111
10W00000000000000000000000000000000001
10111111111111111111111111111111101001
10100000000000000000000000000000001001
10101111111111111111111111111111101001
10101000000000000000000000000000001001
10101011111111111111111111111111101001
10101010000000000000000000000000001001
10101010111111111111111111111111101001
10101010000000000000000000000000001001
10101010111111111111111111111111101001
10101010000000000000000000000000001001
10101011111111111111111111111111101001
10101010000000000000000000000000001001
10101010111111111111111111111111101001
10101010000000000000000000000000001001
10101111111111111111111111111111101001
10100000000000000000000000000000001001
10111111111111111111111111111111111101
10000000000000000000000000000000000001
11111111111111111111111111111111111111


F 126,132,107
C 208,221,215
0x2F2504